[[], [19, 0], [3, 0], [23, 0], [14, 0], [13, 0], [15, 0], [9, 0], [7, 0], []]
[[0, 37], [4], [3], [5], [7], [2], [6], [9], [1], [15, 0]]
[[0, 7], [7], [22, 17], [2], [6], [5], [4], [16, 15], [6], [9]]
[[0, 36], [8], [3], [4], [1], [6], [5], [9], [20, 4], [4]]
[[], [13, 11], [8], [3], [4, 0], [8, 0], [23, 13], [7], [4], [2]]
[[0, 35], [5], [2], [9], [4], [8], [7], [19, 8], [8], [20, 0]]
[[0, 17], [8], [9], [16, 0], [9, 0], [12, 17], [3], [5], [2], [7]]
[[], [8, 0], [7, 38], [4], [1], [7], [9], [8], [6], [3]]
[[0, 35], [7], [5], [9], [3], [1], [4], [6], [5, 6], [6]]
[[0, 15], [1], [2], [3], [5], [4], [], [0, 9], [5], [4]]


[[], 	  [16, 0], 	[25, 0], 	[17, 0], 	[6, 0], 	[8, 0], 	[4, 0], 	[18, 0], 	[27, 0], 	[]]
[[0, 36], [7], 		[5], 		[2], 		[6], 		[8], 		[3], 		[4], 		[1], 		[2, 0]]
[[0, 11], [3], 		[1], 		[7], 		[22, 0], 	[10, 16], 	[1], 		[8], 		[5], 		[2]]
[[0, 24], [6], 		[8], 		[5], 		[1], 		[4], 		[0, 7], 	[1], 		[6], 		[36, 0]]
[[], 	  [11, 18], [2], 		[3], 		[7], 		[6], 		[20, 11], 	[2], 		[8], 		[1]]
[[0, 10], [1], 		[9], 		[4, 8], 	[8], 		[16, 23], 	[4], 		[3], 		[7], 		[9]]
[[0, 3],  [3], 		[9, 20], 	[4], 		[6], 		[3], 		[7], 		[24, 0], 	[8, 7], 	[7]]
[[0, 8],  [7], 		[1], 		[7, 0], 	[13, 25], 	[4], 		[1], 		[7], 		[8], 		[5]]
[[],      [9, 34], 	[3], 		[1], 		[6], 		[7], 		[8],		[9], 		[7, 8], 	[8]]
[[0, 29], [9], 		[5], 		[6], 		[7], 		[2], 		[0, 21], 	[8], 		[7], 		[6]]